00000000 0.003214 0.025769 0.060985 0.7556846233714167 -0.007265597089305119 0.654456548015433 0.023972301989127923 00000000 00000000.png 00000000 resized180/00000000.jpg
00000001 0.008632 0.027532 0.077073 0.7727536800300598 -0.005681305846164617 0.6342325021097732 0.023841685230516566 00000001 00000001.png 00000001 resized180/00000001.jpg
00000002 0.016922 0.028856 0.083703 0.7823967983063326 -0.007080806071794428 0.6221338086424788 0.027475508650513878 00000002 00000002.png 00000002 resized180/00000002.jpg
00000003 0.015094 0.030032 0.087047 0.7843255064066195 -0.002220697893633235 0.6199973684750946 0.02078155034722257 00000003 00000003.png 00000003 resized180/00000003.jpg
00000004 0.019278 0.032333 0.096158 0.7935537158882189 -0.004589796414629924 0.6080760386332453 0.02224802133304724 00000004 00000004.png 00000004 resized180/00000004.jpg
00000005 0.02742 0.034706 0.116994 0.8146216913389921 -0.0030725918872671113 0.5795128647066062 0.023386315638963536 00000005 00000005.png 00000005 resized180/00000005.jpg
00000006 0.038465 0.038802 0.146114 0.8439078741189705 0.0002044061979870585 0.5359133548459368 0.02482794703376142 00000006 00000006.png 00000006 resized180/00000006.jpg
00000007 0.056826 0.040149 0.170191 0.8680257772670118 0.0017954535922964792 0.49582830518592763 0.026123360151117672 00000007 00000007.png 00000007 resized180/00000007.jpg
00000008 0.076093 0.040187 0.190539 0.8888564282267413 0.002554687042687109 0.45731851296946124 0.028061055990515265 00000008 00000008.png 00000008 resized180/00000008.jpg
00000009 0.097627 0.04209 0.209635 0.9096433366985107 0.004176087315482689 0.4141645244908403 0.031608817258373126 00000009 00000009.png 00000009 resized180/00000009.jpg
00000010 0.119235 0.043376 0.225892 0.9256835312351624 0.0031433528866149844 0.3770635300535868 0.03038484433494218 00000010 00000010.png 00000010 resized180/00000010.jpg
00000011 0.152423 0.046823 0.234653 0.938851425945554 -0.0006550557234129026 0.34111813770475385 0.04685938454606054 00000011 00000011.png 00000011 resized180/00000011.jpg
00000012 0.18667 0.048595 0.255846 0.9612845572461882 0.007790097056643104 0.2727340182714036 0.038568444401322996 00000012 00000012.png 00000012 resized180/00000012.jpg
00000013 0.233597 0.050476 0.272523 0.9794045384824394 0.011172604955410054 0.19804099570596154 0.037704542453130686 00000013 00000013.png 00000013 resized180/00000013.jpg
00000014 0.286134 0.052523 0.282822 0.9929579547996985 0.014013181457221783 0.11176958648001124 0.03668206677225067 00000014 00000014.png 00000014 resized180/00000014.jpg
00000015 0.341374 0.055797 0.284137 0.9988570968862363 0.01815875369614139 0.022306243875581777 0.03817112589864542 00000015 00000015.png 00000015 resized180/00000015.jpg
00000016 0.382948 0.051345 0.281559 0.9982314360908496 0.02100114186154728 -0.043859318006906955 0.034195476886277255 00000016 00000016.png 00000016 resized180/00000016.jpg
00000017 0.443681 0.051286 0.261027 0.9882320071724049 0.025462644214487695 -0.14525662896785438 0.04061394460885737 00000017 00000017.png 00000017 resized180/00000017.jpg
00000018 0.51997 0.050687 0.212236 0.9534050817989171 0.03192661816168072 -0.298429812712084 0.0306472564052922 00000018 00000018.png 00000018 resized180/00000018.jpg
00000019 0.564463 0.050345 0.166298 0.9210563229249338 0.030704419801594333 -0.38747033283119425 0.02406530355235018 00000019 00000019.png 00000019 resized180/00000019.jpg
00000020 0.578027 0.051385 0.139077 0.8951798701936947 0.03413196723624808 -0.443484335627542 0.028453499512325616 00000020 00000020.png 00000020 resized180/00000020.jpg
00000021 0.615001 0.04661 0.07314 0.8460262998276118 0.0328553615953356 -0.531630636177205 0.022999876013269218 00000021 00000021.png 00000021 resized180/00000021.jpg
00000022 0.626195 0.05051 0.009681 0.7871072036260373 0.04296714582740385 -0.6145436705084666 0.03085697842442738 00000022 00000022.png 00000022 resized180/00000022.jpg
00000023 0.632072 0.046581 -0.036417 0.7410821479431279 0.04166373469621009 -0.6696440487432765 0.02526541767598603 00000023 00000023.png 00000023 resized180/00000023.jpg
00000024 0.628503 0.049186 -0.083953 -0.6916160914880003 -0.04833515158943526 0.720200492918465 -0.025338083185769134 00000024 00000024.png 00000024 resized180/00000024.jpg
00000025 0.617207 0.045976 -0.126093 -0.6412557735307685 -0.04629382846289705 0.7656582135652957 -0.02037919756302507 00000025 00000025.png 00000025 resized180/00000025.jpg
00000026 0.602661 0.042626 -0.16427 -0.5925599806605784 -0.04523662457442615 0.8039945584392969 -0.020471220641032066 00000026 00000026.png 00000026 resized180/00000026.jpg
00000027 0.580835 0.043615 -0.199972 -0.5331814108879323 -0.05743374090304187 0.8437287775108776 -0.02325302931811765 00000027 00000027.png 00000027 resized180/00000027.jpg
00000028 0.565951 0.039174 -0.231016 -0.47638158987708207 -0.04176499952149867 0.8781815017409557 -0.010668068026287692 00000028 00000028.png 00000028 resized180/00000028.jpg
00000029 0.529084 0.040305 -0.267818 -0.41297814512894626 -0.04518060335200371 0.9095717398864148 -0.009330764829017046 00000029 00000029.png 00000029 resized180/00000029.jpg
00000030 0.504338 0.038907 -0.292147 -0.36951838880173465 -0.03981064457106792 0.9283509573431806 -0.005984536296380662 00000030 00000030.png 00000030 resized180/00000030.jpg
00000031 0.48205 0.041174 -0.306283 -0.32743195646540474 -0.04457465746755474 0.9438098325404328 -0.004946176484975337 00000031 00000031.png 00000031 resized180/00000031.jpg
00000032 0.457272 0.037471 -0.316857 -0.2875893707773307 -0.0497094057536425 0.9564487701910647 -0.0052258418388697655 00000032 00000032.png 00000032 resized180/00000032.jpg
00000033 0.421966 0.035786 -0.334815 -0.23175779280693737 -0.04505402447336286 0.971727842556752 -0.0018672923842809697 00000033 00000033.png 00000033 resized180/00000033.jpg
00000034 0.386077 0.034276 -0.347754 -0.1675640777032814 -0.044125455892829284 0.9848680114614343 0.0031410300304196004 00000034 00000034.png 00000034 resized180/00000034.jpg
00000035 0.343296 0.034988 -0.353333 -0.10990763071961458 -0.04838137686649746 0.9927631892853401 0.0014522597287656 00000035 00000035.png 00000035 resized180/00000035.jpg
00000036 0.31128 0.035444 -0.360132 -0.05779721357174995 -0.04103653041643721 0.997483207878709 0.0025657073520491754 00000036 00000036.png 00000036 resized180/00000036.jpg
00000037 0.269248 0.03716 -0.355787 0.010616494254709464 -0.03924947924261311 0.9992234484838715 0.006538327348015046 00000037 00000037.png 00000037 resized180/00000037.jpg
00000038 0.230023 0.0337 -0.345539 0.06884409392092371 -0.03965968566206885 0.9967993780094367 0.009023882035282373 00000038 00000038.png 00000038 resized180/00000038.jpg
00000039 0.190163 0.034581 -0.334319 0.13079976249070774 -0.03934423662948467 0.9905771045203902 0.01003026413053491 00000039 00000039.png 00000039 resized180/00000039.jpg
00000040 0.138417 0.036628 -0.319128 0.2136094651762394 -0.0361224617043868 0.9761447126323023 0.014412565901280937 00000040 00000040.png 00000040 resized180/00000040.jpg
00000041 0.099103 0.033674 -0.293373 0.28381939889630664 -0.028234786970729477 0.9583567968142137 0.014202434881503344 00000041 00000041.png 00000041 resized180/00000041.jpg
00000042 0.079122 0.038954 -0.26556 0.34173445091332083 -0.0343823562762013 0.939035409343013 0.015740620484526117 00000042 00000042.png 00000042 resized180/00000042.jpg
00000043 0.055127 0.03711 -0.236493 0.3973029091738235 -0.029913856147476384 0.9170666551565376 0.015631633665224763 00000043 00000043.png 00000043 resized180/00000043.jpg
00000044 0.026836 0.035209 -0.203085 0.4481636879753885 -0.027559558228523837 0.89328354960785 0.020838568009196905 00000044 00000044.png 00000044 resized180/00000044.jpg
00000045 0.018466 0.034853 -0.187714 0.47750742257283807 -0.024387129292756847 0.8780758794090634 0.01935424989858181 00000045 00000045.png 00000045 resized180/00000045.jpg
00000046 0.00982 0.035166 -0.169054 0.5036164878742825 -0.022934789084808397 0.8633935950654255 0.019892433877388826 00000046 00000046.png 00000046 resized180/00000046.jpg
00000047 0.002596 0.036521 -0.163181 0.5181422559130894 -0.01997908461258932 0.854868995811639 0.01813084820708031 00000047 00000047.png 00000047 resized180/00000047.jpg
00000048 -0.001283 0.0362 -0.153434 0.5305653483311267 -0.017609022909536514 0.8472928950486956 0.01687639549860523 00000048 00000048.png 00000048 resized180/00000048.jpg
00000049 0.001438 0.032783 -0.150391 0.5313058401041304 -0.015866898895670594 0.8468888652001513 0.01554572334221032 00000049 00000049.png 00000049 resized180/00000049.jpg
